part1\1.jpg 1 9 1 111 108
part1\1.png 1 2 4 157 152
part1\10.png 1 172 1 65 54
part1\11.jpg 1 44 41 200 201
part1\13.png 1 2 0 90 84
part1\14.png 1 24 2 131 115
part1\15.png 1 27 18 100 97
part1\16.jpg 1 17 22 641 628
part1\18.png 1 215 9 95 94
part1\19.jpg 1 6 3 45 41
part1\2.png 1 7 3 212 217
part1\20160616_225101.jpg 1 66 27 372 362
part1\20160616_225103.jpg 1 106 19 183 178
part1\20160616_225104.jpg 1 60 26 355 357
part1\20160616_225106.jpg 1 69 25 374 371
part1\20160616_225107.jpg 1 36 27 381 365
part1\20160616_225109.jpg 1 37 29 368 359
part1\20160616_225823.jpg 1 6 55 219 269
part1\20160616_225825.jpg 1 5 50 213 262
part1\20160616_2305481.jpg 1 79 49 303 229
part1\20160616_230548.jpg 1 89 55 284 225
part1\20160616_2305501.jpg 1 66 20 289 215
part1\20160616_230550.jpg 1 50 20 312 223
part1\20160616_2306001.jpg 1 40 24 323 228
part1\20160616_230600.jpg 1 44 27 328 225
part1\20160616_2315561.jpg 1 80 12 171 134
part1\20160616_231556(0)1.jpg 1 30 9 422 357
part1\20160616_231556(0).jpg 1 40 15 397 359
part1\20160616_231556.jpg 1 82 8 170 143
part1\20160616_2316051.jpg 1 72 24 400 337
part1\20160616_231605.jpg 1 78 26 389 336
part1\20160616_2317361.jpg 1 54 49 318 243
part1\20160616_231736.jpg 1 51 49 325 248
part1\20160616_2317371.jpg 1 39 13 321 251
part1\20160616_231737.jpg 1 27 12 335 246
part1\21.png 1 20 87 263 266
part1\23.jpg 1 4 0 108 105
part1\24.jpg 1 160 104 151 149
part1\25.jpg 1 8 1 142 136
part1\27.jpg 1 73 53 219 257
part1\28.PNG 21 15 12 155 155 191 7 172 170 381 4 171 173 578 12 145 151 900 6 178 173 1123 4 182 180 1095 272 46 36 1051 242 19 22 1106 193 27 24 790 232 47 47 664 197 118 111 414 232 37 45 279 196 116 118 143 190 121 129 10 193 123 121 143 353 74 55 399 343 138 147 592 332 159 157 762 336 150 150 973 335 139 141 1168 328 160 161
part1\29.PNG 22 74 1 179 171 343 22 135 136 505 7 174 172 715 23 132 135 871 42 91 94 978 12 157 160 1150 7 177 173 1164 208 155 165 982 212 154 157 777 201 193 185 606 212 158 158 438 210 154 160 205 202 178 170 12 226 131 129 16 398 190 191 222 414 157 153 390 444 96 95 497 445 98 94 603 458 79 74 738 409 181 172 1000 408 181 170 1240 445 91 100
part1\3.png 1 8 0 210 213
part1\30.PNG 22 16 40 121 113 158 31 149 128 335 42 113 108 464 21 149 141 657 29 139 135 830 31 125 128 984 60 68 75 1103 16 55 51 1255 249 69 72 1174 267 41 39 977 204 162 173 887 245 73 81 545 233 106 108 451 251 73 70 358 253 74 68 19 212 153 144 20 446 73 81 134 383 23 24 327 406 154 160 753 448 79 80 980 450 73 71 1094 391 201 189
part1\32.jpg 1 173 34 321 288
part1\33.jpg 1 56 58 165 163
part1\34.png 1 8 14 188 194
part1\35.png 1 65 48 625 650
part1\38.jpg 1 1053 4 303 374
part1\4.png 1 13 9 133 138
part1\42.png 1 33 501 168 166
part1\43.jpg 1 323 139 149 136
part1\44.jpg 1 49 46 206 195
part1\46.jpg 1 12 16 135 131
part1\47.png 1 8 16 129 128
part1\48.jpg 1 10 15 134 135
part1\49.jpg 1 148 203 142 151
part1\5.jpg 1 8 1 212 220
part1\50.jpg 1 41 252 191 198
part1\51.jpg 1 78 77 60 58
part1\52.jpg 1 183 1 46 48
part1\53.jpg 1 55 35 51 52
part1\54.jpg 1 321 136 151 142
part1\59.jpg 1 281 16 128 126
part1\6.png 1 5 4 217 214
part1\60.png 1 3 5 155 145
part1\61.png 1 3 1 218 217
part1\62.png 1 11 12 138 134
part1\63.jpg 1 5 3 217 218
part1\64.png 1 1 4 223 214
part1\65.png 1 3 8 141 137
part1\66.jpg 1 45 6 181 169
part1\67.png 1 5 1 219 222
part1\68.jpg 1 31 31 160 159
part1\8.png 1 1 1 52 48
part1\a.png 1 7 5 213 215
part1\b.png 1 3 4 216 215
part1\c.png 1 8 2 212 214
part1\college-8.jpg 1 8 8 133 126
part1\d.png 1 4 4 217 213
part1\dlsu-100-banner-scheme-03.jpg 1 6 3 58 53
part1\dlsu_bonifacio_global_city_20130921.jpg 1 21 12 202 208
part1\e.png 1 3 6 218 209
part1\eco_dlsu.jpg 1 3 0 44 35
part1\images(19).jpg 1 2 2 95 89
part1\images(20).jpg 1 36 32 158 162
part1\images(21).jpg 1 4 0 152 156
part1\images(22).jpg 1 6 3 215 216
part1\images(23).jpg 1 2 2 124 124
part1\images(24).jpg 1 53 8 172 163
part1\images(25).jpg 1 2 5 154 147
part1\images(26).jpg 1 33 3 186 189
part1\images(27).jpg 1 3 4 149 147
part1\images(28).jpg 1 4 8 216 210
part1\images(29).jpg 1 8 6 148 149
part1\images(30).jpg 1 6 6 148 145
part1\images(31).jpg 1 0 0 197 194
part1\images(32).jpg 1 0 0 94 92
part1\images(33).jpg 1 1 1 94 93
part1\images(34).jpg 1 8 9 81 81
part1\images(35).jpg 1 3 9 73 74
part1\images(36).jpg 1 44 8 179 170
part1\images(37).jpg 1 43 11 176 163
part1\images(38).jpg 1 10 9 204 206
part1\images(39).jpg 1 7 5 220 209
part1\images(4).jpg 1 5 4 152 151
part1\images(40).jpg 1 4 0 152 153
part1\images(41).jpg 1 2 1 155 154
part1\images(49).jpg 1 7 4 145 146
part1\images(5).jpg 1 0 2 223 218
part1\images(50).jpg 1 17 13 191 197
part1\images(52).jpg 1 1 0 78 74
part1\images(53).jpg 1 1 3 220 219
part1\images(54).jpg 1 54 2 170 170
part1\images(55).jpg 1 0 4 81 71
part1\images(56).jpg 1 1 2 46 45
part2\1.jpg 1 125 114 120 111
part2\13.png 1 157 85 92 86
part2\17.jpg 1 32 27 100 91
part2\20.jpg 1 123 129 118 121
part2\20160616_232917.jpg 1 350 135 74 67
part2\23.jpg 1 125 209 119 106
part2\25.jpg 1 18 201 143 132
part2\2910696108_2722a17f5a.jpg 1 61 112 45 41
part2\37.png 1 208 10 105 100
part2\41.jpg 1 405 144 82 82
part2\44.jpg 1 394 50 207 197
part2\47.png 1 5 18 136 133
part2\48.jpg 1 10 21 133 125
part2\56.jpg 1 38 56 154 200
part2\58.jpg 1 45 100 169 169
part2\9.jpg 3 194 1 61 60 27 145 58 57 159 233 130 104
part2\DCAT-results-ay-2016-2017.jpg 1 293 132 193 183
part2\DLSU-Manila-Philippine-Vending-Corporation.png 1 55 65 220 225
part2\DLSU-masters-review-manila-campus.jpg 2 45 37 36 37 512 118 26 25
part2\IMG_1028.JPG 1 3 195 199 203
part2\campus-map-extra-large.jpg 1 73 29 69 68
part2\college-8.jpg 1 285 5 129 135
part2\dlsu-100-banner-scheme-03.jpg 2 132 21 55 53 26 18 22 25
part2\dlsu-shirt-design-02-crest-invert.jpg 1 215 45 70 69
part2\dlsu_bonifacio_global_city_20130921.jpg 1 94 45 219 228
part2\dlsu_by_lykwys.jpg 1 362 189 76 73
part2\dlsu_reinvented_by_phatbone86.jpg 1 101 127 185 168
part2\dlsu_wall_by_johnbeau.jpg 1 245 124 151 223
part2\download.png 1 12 11 139 142
part2\eco_dlsu.jpg 1 171 247 39 42
part2\impak-copy.jpg 1 357 8 209 199
part2\main-dlsu-logo.jpg 1 67 31 87 81
part2\university-logo-1.jpg 1 198 145 100 95
part2\wallpaper-melissa-gohing.jpg 2 334 156 28 32 460 324 56 53
part3\159195.PNG 1 343 160 138 120
part3\2.PNG 1 33 19 520 379
part3\3.PNG 1 17 10 550 407
part3\4.PNG 1 47 14 489 375
part3\498948.PNG 1 13 120 152 121
part3\5.PNG 1 50 10 588 477
part3\6.PNG 1 28 18 600 486
part3\6574567456.PNG 1 48 7 142 133
part3\79865213.PNG 1 251 76 147 125
part3\8948965131.PNG 1 50 13 139 116
part3\Capture.PNG 1 48 12 526 416
part3\a.PNG 1 38 17 506 395
part3\as.PNG 1 256 75 139 120
part3\b.PNG 1 38 15 516 398
part3\c.PNG 1 38 28 515 378
part3\d.PNG 1 45 16 494 401
part3\e.PNG 1 36 22 525 394
part3\et66346534.PNG 1 44 11 153 121
part3\f.PNG 1 26 11 531 406
part3\g.PNG 1 35 20 528 399
part3\h.PNG 1 26 21 526 414
part3\i.PNG 1 32 22 518 397
part3\io9joij.PNG 1 50 11 144 117
part3\irwiejr2395.PNG 1 51 13 143 121
part3\j.PNG 1 44 7 519 398
part3\k.PNG 1 47 18 590 495
part3\l.PNG 1 52 24 555 480
part3\m.PNG 1 52 19 576 468
part3\n.PNG 1 58 25 557 489
part3\o.PNG 1 56 24 559 469
part3\p.PNG 1 335 159 144 120
part3\q.PNG 1 342 162 133 115
part3\qweqwe.PNG 1 257 76 139 120
part3\r.PNG 1 336 158 142 123
part3\s.PNG 1 337 155 140 123
part3\t.PNG 1 16 117 146 130
part3\u.PNG 1 20 114 140 128
part3\v.PNG 1 16 120 146 120
part3\w.PNG 1 21 124 137 121
part3\wefqewfqw.PNG 1 262 74 134 120
part3\wergwerterw.PNG 1 258 79 142 117
part3\wertwertewrtwe.PNG 1 259 75 139 115
part3\wervwev.PNG 1 257 75 140 128
part3\werwerg.PNG 1 257 81 139 115
part3\werwevwevewr.PNG 1 261 80 137 114
part3\wevwevwev.PNG 1 256 78 143 121
part3\wgergwergwer.PNG 1 260 79 139 118
part3\x.PNG 1 19 116 143 126
part3\y.PNG 1 17 114 144 132
part3\z.PNG 1 21 117 142 134
